0:
- cam_R_m2c: [-0.16906689, 0.97003377, -0.17450176, 0.19965879, -0.139672, -0.96985984, -0.96516981, -0.198812, -0.17006186]
  cam_t_m2c: [-19.47096709, 43.04343114, 998.28413092]
  obj_bb: [286, 239, 47, 60]
  obj_id: 1
1:
- cam_R_m2c: [0.8806955, 0.45517699, -0.13110817, -0.06208448, -0.16347601, -0.98459185, -0.46959659, 0.87526539, -0.11571316]
  cam_t_m2c: [96.68682691, 14.90462839, 941.80656772]
  obj_bb: [360, 221, 46, 60]
  obj_id: 1
2:
- cam_R_m2c: [-0.40963112, 0.9082781, 0.0850484, 0.03954989, 0.11082335, -0.99305286, -0.91139352, -0.4034217, -0.08131899]
  cam_t_m2c: [-50.93164841, 24.8419133, 721.47727095]
  obj_bb: [240, 223, 67, 77]
  obj_id: 1
3:
- cam_R_m2c: [-0.93895541, -0.20509166, 0.27622482, -0.32002788, 0.22598853, -0.92006051, 0.12627309, -0.95229544, -0.2778282]
  cam_t_m2c: [-107.34055864, -16.51176297, 867.1207805]
  obj_bb: [216, 199, 50, 64]
  obj_id: 1
4:
- cam_R_m2c: [-0.24565913, 0.96814461, 0.04845213, 0.18692228, 0.09635729, -0.97763763, -0.95116332, -0.23110882, -0.20463885]
  cam_t_m2c: [-32.55048469, 40.66980547, 641.86996079]
  obj_bb: [249, 236, 76, 92]
  obj_id: 1
5:
- cam_R_m2c: [-0.12640851, 0.9768478, 0.17259566, 0.27176898, 0.20143781, -0.94104433, -0.95402438, -0.07204987, -0.29094038]
  cam_t_m2c: [-22.21093961, 48.64257628, 650.53162307]
  obj_bb: [259, 244, 74, 91]
  obj_id: 1
6:
- cam_R_m2c: [0.34840347, -0.89635408, -0.27416124, -0.34715173, 0.14829746, -0.92600947, 0.87068978, 0.41780046, -0.25950352]
  cam_t_m2c: [48.2025968, -18.96787207, 1021.5473048]
  obj_bb: [334, 204, 41, 55]
  obj_id: 1
7:
- cam_R_m2c: [0.13388301, -0.98781871, -0.07930655, -0.2851572, 0.03824141, -0.95771758, 0.94908415, 0.15083694, -0.27656374]
  cam_t_m2c: [21.10125886, -10.99354254, 873.86615249]
  obj_bb: [348, 224, 15, 39]
  obj_id: 1
8:
- cam_R_m2c: [0.55027017, 0.78620802, 0.28121112, 0.37224604, 0.07048022, -0.92545417, -0.74741931, 0.61392955, -0.25387966]
  cam_t_m2c: [50.26667717, 59.91537146, 623.98400002]
  obj_bb: [328, 255, 68, 100]
  obj_id: 1
9:
- cam_R_m2c: [-0.2532787, -0.92503447, -0.2831274, 0.01989487, 0.2876278, -0.95753561, 0.96718876, -0.24815616, -0.05444655]
  cam_t_m2c: [-17.13631829, 21.08300063, 1198.90779401]
  obj_bb: [0, 0, 0, 0]
  obj_id: 1
