0:
- cam_R_m2c: [-0.55619799, 0.81252257, -0.17450176, 0.23960755, -0.04427324, -0.96985984, -0.79575877, -0.58124603, -0.17006186]
  cam_t_m2c: [162.71599725, -34.37098855, 1099.54252498]
  obj_bb: [377, 173, 86, 105]
  obj_id: 13
1:
- cam_R_m2c: [0.61255631, 0.77947765, -0.13110817, 0.01131666, -0.17450163, -0.98459185, -0.79034593, 0.60163425, -0.11571316]
  cam_t_m2c: [42.65841207, -29.19047938, 1152.93424611]
  obj_bb: [319, 192, 56, 74]
  obj_id: 13
2:
- cam_R_m2c: [-0.74947572, 0.6565462, 0.0850484, -0.00998141, 0.11724495, -0.99305286, -0.66195658, -0.74511791, -0.08131899]
  cam_t_m2c: [162.32188394, 11.81203638, 783.0524118]
  obj_bb: [368, 200, 160, 111]
  obj_id: 13
3:
- cam_R_m2c: [-0.7693011, -0.5760865, 0.27622482, -0.38493672, 0.07288609, -0.92006051, 0.50990149, -0.81413264, -0.2778282]
  cam_t_m2c: [0.72620765, 43.41638691, 682.27344999]
  obj_bb: [228, 215, 200, 162]
  obj_id: 13
4:
- cam_R_m2c: [-0.62510694, 0.77903383, 0.04845213, 0.13011559, 0.16521077, -0.97763763, -0.7696176, -0.60482369, -0.20463885]
  cam_t_m2c: [166.16090221, 4.39992205, 734.8034047]
  obj_bb: [390, 181, 140, 142]
  obj_id: 13
5:
- cam_R_m2c: [-0.52020881, 0.83641708, 0.17259566, 0.16373257, 0.29601894, -0.94104433, -0.83819714, -0.46128002, -0.29094038]
  cam_t_m2c: [164.02286325, 18.70098338, 768.25509741]
  obj_bb: [387, 193, 119, 140]
  obj_id: 13
6:
- cam_R_m2c: [0.68881768, -0.671093, -0.27416124, -0.37739162, -0.00905704, -0.92600947, 0.61895539, 0.74131785, -0.25950352]
  cam_t_m2c: [-159.16857549, 31.70458714, 959.35531573]
  obj_bb: [140, 223, 93, 100]
  obj_id: 13
7:
- cam_R_m2c: [0.53156061, -0.84329934, -0.07930655, -0.2753315, -0.08348412, -0.95771758, 0.80102177, 0.53092054, -0.27656374]
  cam_t_m2c: [-165.61346831, 11.50139098, 755.24940263]
  obj_bb: [82, 196, 146, 132]
  obj_id: 13
8:
- cam_R_m2c: [0.1745881, 0.94363091, 0.28121112, 0.30947836, 0.2185354, -0.92545417, -0.93474175, 0.24860204, -0.25387966]
  cam_t_m2c: [109.98238305, -6.01092071, 827.7635456]
  obj_bb: [338, 184, 95, 137]
  obj_id: 13
9:
- cam_R_m2c: [0.15323336, -0.94676207, -0.2831274, -0.10120272, 0.26996956, -0.95753561, 0.98299417, 0.17537966, -0.05444655]
  cam_t_m2c: [-142.90648397, 41.40775664, 1016.67960069]
  obj_bb: [187, 229, 92, 92]
  obj_id: 13
