0:
- cam_R_m2c: [0.43121715, -0.88521235, -0.17450176, -0.23054119, 0.07888382, -0.96985984, 0.87229727, 0.45845004, -0.17006186]
  cam_t_m2c: [64.13644561, -60.92580666, 1202.61535428]
  obj_bb: [322, 161, 71, 101]
  obj_id: 5
1:
- cam_R_m2c: [-0.7200986, -0.68137263, -0.13110817, 0.01435916, 0.17427766, -0.98459185, 0.69372316, -0.71088582, -0.11571316]
  cam_t_m2c: [-89.4464899, -30.37979571, 1092.98447622]
  obj_bb: [227, 212, 60, 47]
  obj_id: 5
2:
- cam_R_m2c: [0.6452523, -0.75922081, 0.0850484, -0.00729541, -0.11744269, -0.99305286, 0.76393472, 0.64014918, -0.08131899]
  cam_t_m2c: [98.48211857, -29.38187701, 906.6430278]
  obj_bb: [339, 155, 77, 132]
  obj_id: 5
3:
- cam_R_m2c: [0.84536927, 0.45722056, 0.27622482, 0.37011364, -0.12847005, -0.92006051, -0.38518397, 0.88002546, -0.2778282]
  cam_t_m2c: [113.54313831, 22.81828806, 771.1281234]
  obj_bb: [375, 183, 86, 155]
  obj_id: 5
4:
- cam_R_m2c: [0.5042873, -0.86217557, 0.04845213, -0.15290618, -0.14437578, -0.97763763, 0.84989059, 0.48560161, -0.20463885]
  cam_t_m2c: [80.21214611, -47.76208472, 839.39322677]
  obj_bb: [330, 134, 110, 146]
  obj_id: 5
5:
- cam_R_m2c: [0.39211686, -0.90357905, 0.17259566, -0.20531616, -0.26885096, -0.94104433, 0.89671046, 0.33356267, -0.29094038]
  cam_t_m2c: [69.74437143, -51.81902139, 853.02295344]
  obj_bb: [323, 178, 110, 99]
  obj_id: 5
6:
- cam_R_m2c: [-0.58311795, 0.7647281, -0.27416124, 0.37464953, -0.04630539, -0.92600947, -0.72084061, -0.64268712, -0.25950352]
  cam_t_m2c: [-96.08266792, 22.07846958, 829.06870616]
  obj_bb: [200, 186, 107, 150]
  obj_id: 5
7:
- cam_R_m2c: [-0.40233846, 0.91204947, -0.07930655, 0.28458867, 0.04226491, -0.95771758, -0.87013393, -0.40789636, -0.27656374]
  cam_t_m2c: [-68.3882345, 7.97740712, 647.63002726]
  obj_bb: [182, 156, 152, 194]
  obj_id: 5
8:
- cam_R_m2c: [-0.31089022, -0.90789183, 0.28121112, -0.33814417, -0.17085988, -0.92545417, 0.88825998, -0.38280455, -0.25387966]
  cam_t_m2c: [-19.73234645, -70.26758622, 818.15810986]
  obj_bb: [237, 168, 54, 90]
  obj_id: 5
9:
- cam_R_m2c: [-0.01293871, 0.95899503, -0.2831274, 0.06057769, -0.28187922, -0.95753561, -0.99807962, -0.02954048, -0.05444655]
  cam_t_m2c: [-23.80552634, -17.02540866, 957.96314992]
  obj_bb: [249, 168, 114, 127]
  obj_id: 5
