chimp:   [ 0.082722, -0.071363, 0.258788, 0,  0, -0.667257]
drill:   [0        ,         0, 0.317421, 0, -0,         0]
egg:     [-0.090844, -0.127384, 0.248211, 0,  0, -0.607437]
iron:    [ 0.073213,  0.149246, 0.284857, 0,  0, -1.09497 ]
waterer: [-0.065568,  0.115477, 0.310285, 0, -0,   2.19359]
