0:
- cam_R_m2c: [-0.11077167, 0.97840624, -0.17450176, 0.19095147, -0.15135864, -0.96985984, -0.97532927, -0.14075436, -0.17006186]
  cam_t_m2c: [-147.31274892, 54.1502066, 1128.31681944]
  obj_bb: [206, 244, 67, 53]
  obj_id: 10
1:
- cam_R_m2c: [0.90633266, 0.40171103, -0.13110817, -0.07174673, -0.15947192, -0.98459185, -0.41642948, 0.90177434, -0.11571316]
  cam_t_m2c: [-60.3889955, 56.38351482, 858.24778769]
  obj_bb: [221, 250, 112, 60]
  obj_id: 10
2:
- cam_R_m2c: [-0.35459762, 0.93114301, 0.0850484, 0.04610464, 0.10826066, -0.99305286, -0.93388162, -0.34821306, -0.08131899]
  cam_t_m2c: [-147.7093012, 14.54407788, 876.08458718]
  obj_bb: [164, 224, 100, 56]
  obj_id: 10
3:
- cam_R_m2c: [-0.94953718, -0.14858999, 0.27622482, -0.30594488, 0.24471696, -0.92006051, 0.06911489, -0.95814123, -0.2778282]
  cam_t_m2c: [16.25730841, -8.46020363, 1001.41196181]
  obj_bb: [286, 203, 35, 21]
  obj_id: 10
4:
- cam_R_m2c: [-0.18733984, 0.98109947, 0.04845213, 0.19234859, 0.08500991, -0.97763763, -0.96327867, -0.17383078, -0.20463885]
  cam_t_m2c: [-154.67709907, 17.41560787, 775.73449709]
  obj_bb: [141, 220, 110, 74]
  obj_id: 10
5:
- cam_R_m2c: [-0.06778221, 0.98265778, 0.17259566, 0.28332569, 0.18482997, -0.94104433, -0.95662538, -0.01488528, -0.29094038]
  cam_t_m2c: [-159.09288518, 0.4640934, 761.51607464]
  obj_bb: [138, 202, 105, 84]
  obj_id: 10
6:
- cam_R_m2c: [0.29419236, -0.91557986, -0.27416124, -0.33766493, 0.16878643, -0.92600947, 0.89411031, 0.36499955, -0.25950352]
  cam_t_m2c: [151.40018177, 3.66788438, 872.50616044]
  obj_bb: [382, 206, 84, 77]
  obj_id: 10
7:
- cam_R_m2c: [0.07458745, -0.99405593, -0.07930655, -0.2823609, 0.05522094, -0.95771758, 0.95640422, 0.09382679, -0.27656374]
  cam_t_m2c: [157.89768871, 22.33851649, 757.45699328]
  obj_bb: [403, 221, 92, 80]
  obj_id: 10
8:
- cam_R_m2c: [0.59628883, 0.75190421, 0.28121112, 0.37579382, 0.04809967, -0.92545417, -0.70937905, 0.65751538, -0.25387966]
  cam_t_m2c: [-127.69796341, 21.18510286, 609.70342848]
  obj_bb: [126, 212, 141, 108]
  obj_id: 10
9:
- cam_R_m2c: [-0.30812823, -0.90823778, -0.2831274, 0.03705492, 0.28592392, -0.95753561, 0.95062292, -0.30553501, -0.05444655]
  cam_t_m2c: [151.6730986, -14.36283676, 1138.72178975]
  obj_bb: [365, 208, 73, 47]
  obj_id: 10
