0:
- cam_R_m2c: [0.46748374, 0.86660723, -0.17450176, 0.07040266, -0.23327101, -0.96985984, -0.88119374, 0.44110832, -0.17006186]
  cam_t_m2c: [-6.53002752, -36.29312838, 1092.685816]
  obj_bb: [276, 161, 75, 118]
  obj_id: 8
1:
- cam_R_m2c: [0.97348459, -0.18745242, -0.13110817, -0.14993318, -0.08999405, -0.98459185, 0.17276517, 0.97814245, -0.11571316]
  cam_t_m2c: [-4.90619729, -36.84441877, 990.53365766]
  obj_bb: [243, 146, 135, 107]
  obj_id: 8
2:
- cam_R_m2c: [0.24029875, 0.96696602, 0.0850484, 0.09964852, 0.06257939, -0.99305286, -0.96557065, 0.24710431, -0.08131899]
  cam_t_m2c: [3.18259732, -37.16102771, 814.21733487]
  obj_bb: [291, 129, 70, 165]
  obj_id: 8
3:
- cam_R_m2c: [-0.86448782, 0.41995316, 0.27622482, -0.11153967, 0.37556299, -0.92006051, -0.49012214, -0.82619113, -0.2778282]
  cam_t_m2c: [10.33661015, -34.4295845, 832.41528586]
  obj_bb: [266, 126, 142, 108]
  obj_id: 8
4:
- cam_R_m2c: [0.40614978, 0.9125211, 0.04845213, 0.20646071, -0.03998302, -0.97763763, -0.8901777, 0.40707076, -0.20463885]
  cam_t_m2c: [1.81313031, -36.58417236, 732.55844195]
  obj_bb: [273, 124, 105, 178]
  obj_id: 8
5:
- cam_R_m2c: [0.5052096, 0.84556135, 0.17259566, 0.33813702, -0.00994594, -0.94104433, -0.79399409, 0.53378561, -0.29094038]
  cam_t_m2c: [6.45870841, -35.21481855, 737.2462375]
  obj_bb: [272, 129, 129, 148]
  obj_id: 8
6:
- cam_R_m2c: [-0.28101543, -0.91970971, -0.27416124, -0.1809239, 0.33132009, -0.92600947, 0.94249502, -0.21062063, -0.25950352]
  cam_t_m2c: [-10.25938435, -34.6522027, 913.33624125]
  obj_bb: [273, 147, 88, 147]
  obj_id: 8
7:
- cam_R_m2c: [-0.50612738, -0.85880472, -0.07930655, -0.2003322, 0.20650433, -0.95771758, 0.83886953, -0.46883944, -0.27656374]
  cam_t_m2c: [-2.96773396, -35.83874831, 754.79963714]
  obj_bb: [265, 123, 119, 182]
  obj_id: 8
8:
- cam_R_m2c: [0.91878133, 0.27705808, 0.28121112, 0.33602301, -0.1749946, -0.92545417, -0.20719412, 0.94478342, -0.25387966]
  cam_t_m2c: [10.52319491, -34.63141849, 693.66036524]
  obj_bb: [242, 122, 210, 187]
  obj_id: 8
9:
- cam_R_m2c: [-0.77139845, -0.56989763, -0.2831274, 0.19362161, 0.21362637, -0.95753561, 0.60618075, -0.79346107, -0.05444655]
  cam_t_m2c: [-10.59490902, -35.83193321, 1088.94718282]
  obj_bb: [299, 165, 66, 47]
  obj_id: 8
